   2.6315394e-02   8.0629260e-01
   3.1879096e-01   2.2218793e-01
   5.3299953e-01   9.9977312e-01
   3.2677374e-01   6.3738697e-02
   6.0219044e-01   4.2548312e-01
   3.6193273e-01   4.0433815e-01
   1.3492064e-01   4.0029288e-01
   9.1381350e-01   1.1192264e-01
   6.4055884e-01   4.2431077e-01
   6.5877414e-01   6.1354588e-01
   6.7533033e-01   9.8806129e-01
   7.4455771e-01   2.1990078e-01
   8.4217757e-01   3.5408108e-01
   5.1665717e-01   2.6624188e-01
   1.5186870e-01   2.9149803e-01
   3.8066427e-01   1.8838954e-01
   8.2101940e-01   2.2859624e-02
   1.7136438e-01   4.4940418e-01
   3.2997528e-01   2.4364019e-01
   9.6647199e-01   8.6872654e-01
