0	100000
1	98974
2	97950
3	96951
4	95972
5	94961
6	94040
7	93080
8	92155
9	91239
10	90331
11	89432
12	88549
13	87661
14	86821
15	85962
16	85108
17	84217
18	83370
19	82569
20	81756
21	80936
22	80154
23	79346
24	78555
25	77777
26	76972
27	76226
28	75426
29	74684
30	73949
31	73222
32	72518
33	71869
34	71140
35	70445
36	69759
37	69025
38	68351
39	67669
40	66993
41	66336
42	65657
43	65006
44	64387
45	63803
46	63190
47	62532
48	61913
49	61271
50	60664
51	60035
52	59434
53	58828
54	58239
55	57671
56	57076
57	56506
58	55945
59	55354
60	54816
61	54232
62	53724
63	53166
64	52627
65	52077
66	51575
67	51045
68	50505
69	49992
70	49484
71	49003
72	48528
73	48024
74	47546
75	47105
76	46595
77	46135
78	45694
79	45242
80	44798
81	44357
82	43944
83	43525
84	43108
85	42708
86	42277
87	41872
88	41487
89	41098
90	40699
91	40307
92	39922
93	39512
94	39094
95	38733
96	38321
97	37946
98	37573
99	37198
100	36853
101	36494
102	36108
103	35748
104	35410
105	35031
106	34706
107	34375
108	34063
109	33717
110	33394
111	33054
112	32706
113	32375
114	32059
115	31755
116	31454
117	31163
118	30861
119	30546
120	30255
121	29970
122	29658
123	29372
124	29077
125	28772
126	28492
127	28184
128	27897
129	27636
130	27339
131	27062
132	26762
133	26481
134	26215
135	25957
136	25715
137	25462
138	25204
139	24930
140	24647
141	24396
142	24137
143	23890
144	23668
145	23432
146	23213
147	22978
148	22743
149	22515
150	22286
151	22050
152	21854
153	21627
154	21414
155	21231
156	21025
157	20793
158	20570
159	20351
160	20163
161	19950
162	19746
163	19571
164	19367
165	19198
166	19004
167	18815
168	18633
169	18440
170	18242
171	18070
172	17900
173	17702
174	17510
175	17333
176	17172
177	16994
178	16828
179	16659
180	16479
181	16316
182	16152
183	15984
184	15811
185	15656
186	15513
187	15347
188	15185
189	15025
190	14880
191	14738
192	14587
193	14427
194	14263
195	14097
196	13956
197	13834
198	13691
199	13537
200	13397
201	13280
202	13138
203	13032
204	12889
205	12769
206	12636
207	12516
208	12392
209	12244
210	12125
211	11990
212	11852
213	11728
214	11603
215	11477
216	11371
217	11252
218	11131
219	11033
220	10929
221	10819
222	10706
223	10602
224	10514
225	10426
226	10325
227	10223
228	10113
229	10000
230	9894
231	9791
232	9693
233	9610
234	9487
235	9392
236	9287
237	9205
238	9116
239	9008
240	8923
241	8835
242	8750
243	8653
244	8564
245	8470
246	8386
247	8300
248	8199
249	8124
250	8054
251	7963
252	7875
253	7800
254	7726
255	7635
256	7545
257	7480
258	7397
259	7331
260	7249
261	7174
262	7108
263	7020
264	6950
265	6876
266	6803
267	6739
268	6662
269	6592
270	6525
271	6454
272	6390
273	6326
274	6268
275	6202
276	6134
277	6081
278	6006
279	5944
280	5885
281	5835
282	5773
283	5715
284	5654
285	5595
286	5539
287	5477
288	5421
289	5372
290	5302
291	5244
292	5193
293	5140
294	5084
295	5038
296	4992
297	4934
298	4880
299	4824
300	4772
301	4726
302	4679
303	4623
304	4580
305	4540
306	4481
307	4428
308	4379
309	4343
310	4297
311	4262
312	4215
313	4169
314	4131
315	4089
316	4041
317	3997
318	3954
319	3920
320	3886
321	3853
322	3814
323	3772
324	3730
325	3693
326	3654
327	3612
328	3583
329	3547
330	3506
331	3463
332	3428
333	3396
334	3370
335	3341
336	3303
337	3271
338	3242
339	3204
340	3170
341	3142
342	3106
343	3073
344	3038
345	3010
346	2978
347	2951
348	2914
349	2882
350	2856
351	2821
352	2795
353	2768
354	2733
355	2713
356	2682
357	2656
358	2634
359	2610
360	2569
361	2539
362	2513
363	2487
364	2452
365	2433
366	2411
367	2385
368	2352
369	2334
370	2299
371	2273
372	2248
373	2223
374	2196
375	2173
376	2158
377	2133
378	2111
379	2086
380	2064
381	2044
382	2021
383	2007
384	1984
385	1959
386	1941
387	1924
388	1907
389	1885
390	1867
391	1848
392	1842
393	1823
394	1807
395	1791
396	1776
397	1757
398	1742
399	1727
400	1718
401	1699
402	1683
403	1668
404	1655
405	1639
406	1623
407	1613
408	1594
409	1581
410	1564
411	1550
412	1532
413	1519
414	1511
415	1493
416	1475
417	1462
418	1440
419	1426
420	1409
421	1396
422	1380
423	1363
424	1348
425	1339
426	1326
427	1316
428	1301
429	1285
430	1273
431	1260
432	1246
433	1225
434	1215
435	1204
436	1188
437	1174
438	1155
439	1144
440	1132
441	1118
442	1098
443	1085
444	1072
445	1061
446	1049
447	1040
448	1033
449	1018
450	1011
451	1003
452	996
453	984
454	972
455	966
456	959
457	946
458	942
459	930
460	920
461	913
462	907
463	901
464	892
465	882
466	870
467	862
468	858
469	856
470	844
471	830
472	824
473	819
474	810
475	808
476	794
477	788
478	781
479	769
480	762
481	757
482	751
483	741
484	729
485	723
486	714
487	706
488	702
489	697
490	687
491	685
492	677
493	669
494	660
495	656
496	651
497	639
498	627
499	622
500	616
501	610
502	605
503	604
504	599
505	594
506	587
507	583
508	578
509	569
510	563
511	559
512	551
513	548
514	540
515	533
516	523
517	523
518	521
519	513
520	510
521	508
522	502
523	497
524	492
525	487
526	482
527	481
528	480
529	476
530	468
531	463
532	459
533	453
534	451
535	447
536	440
537	438
538	433
539	431
540	426
541	423
542	418
543	417
544	414
545	410
546	404
547	396
548	394
549	390
550	382
551	381
552	377
553	374
554	370
555	369
556	368
557	365
558	364
559	356
560	354
561	349
562	345
563	340
564	336
565	333
566	329
567	325
568	324
569	320
570	316
571	313
572	309
573	306
574	304
575	302
576	301
577	298
578	295
579	293
580	290
581	283
582	278
583	275
584	274
585	271
586	267
587	264
588	262
589	260
590	258
591	256
592	255
593	252
594	251
595	251
596	250
597	247
598	246
599	244
600	240
601	235
602	231
603	227
604	224
605	218
606	216
607	215
608	214
609	214
610	212
611	210
612	208
613	208
614	204
615	201
616	199
617	196
618	194
619	193
620	192
621	192
622	192
623	191
624	190
625	189
626	187
627	186
628	184
629	180
630	180
631	179
632	178
633	177
634	175
635	173
636	171
637	170
638	168
639	167
640	163
641	157
642	157
643	157
644	156
645	155
646	155
647	154
648	149
649	149
650	148
651	148
652	146
653	145
654	145
655	142
656	141
657	138
658	137
659	136
660	134
661	133
662	131
663	131
664	127
665	125
666	121
667	121
668	119
669	119
670	118
671	116
672	116
673	116
674	114
675	113
676	113
677	112
678	111
679	111
680	111
681	111
682	110
683	109
684	106
685	104
686	103
687	103
688	102
689	99
690	97
691	95
692	95
693	94
694	94
695	93
696	92
697	92
698	91
699	90
700	90
701	89
702	87
703	85
704	85
705	85
706	82
707	82
708	80
709	80
710	79
711	78
712	77
713	76
714	75
715	75
716	74
717	74
718	72
719	72
720	72
721	72
722	72
723	71
724	70
725	70
726	70
727	70
728	70
729	69
730	69
731	68
732	67
733	66
734	66
735	66
736	66
737	65
738	64
739	64
740	63
741	63
742	63
743	61
744	61
745	60
746	59
747	59
748	57
749	57
750	56
751	56
752	56
753	55
754	55
755	54
756	54
757	53
758	53
759	53
760	52
761	52
762	52
763	52
764	52
765	51
766	51
767	51
768	50
769	48
770	48
771	47
772	47
773	47
774	47
775	47
776	46
777	46
778	46
779	45
780	44
781	43
782	43
783	42
784	42
785	41
786	41
787	40
788	40
789	40
790	40
791	40
792	40
793	40
794	40
795	38
796	38
797	38
798	38
799	37
800	37
801	36
802	36
803	36
804	36
805	35
806	35
807	35
808	32
809	31
810	30
811	30
812	30
813	30
814	30
815	30
816	30
817	30
818	30
819	27
820	27
821	27
822	27
823	27
824	27
825	27
826	27
827	26
828	26
829	25
830	25
831	25
832	25
833	25
834	25
835	25
836	25
837	25
838	25
839	25
840	25
841	25
842	25
843	24
844	24
845	24
846	24
847	24
848	24
849	24
850	23
851	23
852	22
853	22
854	22
855	22
856	21
857	21
858	21
859	21
860	21
861	21
862	21
863	21
864	20
865	20
866	18
867	18
868	18
869	18
870	18
871	17
872	17
873	17
874	16
875	16
876	16
877	16
878	16
879	16
880	15
881	15
882	15
883	14
884	14
885	13
886	13
887	13
888	13
889	12
890	12
891	12
892	12
893	11
894	11
895	10
896	10
897	9
898	8
899	8
900	8
901	8
902	8
903	8
904	8
905	8
906	8
907	8
908	8
909	8
910	8
911	8
912	8
913	8
914	8
915	8
916	8
917	8
918	8
919	8
920	7
921	7
922	7
923	7
924	7
925	7
926	7
927	7
928	7
929	7
930	7
931	7
932	7
933	7
934	7
935	7
936	5
937	5
938	5
939	5
940	4
941	4
942	4
943	4
944	4
945	4
946	4
947	4
948	4
949	4
950	4
951	4
952	4
953	4
954	4
955	4
956	4
957	4
958	4
959	4
960	4
961	4
962	4
963	4
964	4
965	4
966	4
967	4
968	4
969	4
970	4
971	4
972	4
973	4
974	4
975	4
976	4
977	4
978	4
979	4
980	4
981	4
982	4
983	4
984	4
985	4
986	4
987	4
988	4
989	4
990	4
991	4
992	4
993	4
994	4
995	4
996	4
997	4
998	4
999	4
1000	4
1001	4
1002	4
1003	4
1004	4
1005	4
1006	4
1007	4
1008	4
1009	4
1010	4
1011	4
1012	4
1013	4
1014	4
1015	4
1016	3
1017	3
1018	3
1019	3
1020	3
1021	3
1022	3
1023	3
1024	3
1025	3
1026	3
1027	3
1028	3
1029	3
1030	3
1031	3
1032	3
1033	3
1034	3
1035	3
1036	3
1037	3
1038	3
1039	3
1040	3
1041	3
1042	3
1043	3
1044	3
1045	3
1046	3
1047	3
1048	3
1049	3
1050	3
1051	3
1052	3
1053	3
1054	3
1055	3
1056	3
1057	3
1058	3
1059	3
1060	3
1061	3
1062	3
1063	3
1064	2
1065	2
1066	2
1067	2
1068	2
1069	2
1070	2
1071	2
1072	2
1073	2
1074	2
1075	2
1076	2
1077	2
1078	2
1079	2
1080	2
1081	2
1082	2
1083	2
1084	2
1085	2
1086	2
1087	2
1088	2
1089	2
1090	2
1091	2
1092	2
1093	2
1094	2
1095	2
1096	2
1097	2
1098	2
1099	2
1100	2
1101	2
1102	2
1103	2
1104	2
1105	2
1106	2
1107	2
1108	1
1109	1
1110	1
1111	1
1112	1
1113	1
1114	1
1115	1
1116	1
1117	1
1118	1
1119	1
1120	1
1121	1
1122	1
1123	1
1124	1
1125	1
1126	1
1127	1
1128	1
1129	1
1130	1
1131	1
1132	1
1133	1
1134	1
1135	1
1136	1
1137	1
1138	1
1139	1
1140	1
1141	1
1142	1
1143	1
1144	1
1145	1
1146	1
1147	1
1148	1
1149	1
1150	1
1151	1
1152	1
1153	1
1154	1
1155	1
1156	1
1157	1
1158	1
1159	1
1160	1
1161	1
1162	1
1163	1
1164	1
1165	1
1166	1
1167	1
1168	1
1169	1
1170	1
1171	1
1172	1
1173	1
1174	1
1175	1
1176	1
1177	1
1178	1
1179	1
1180	1
1181	1
1182	1
1183	1
1184	1
1185	1
1186	1
1187	1
1188	1
1189	1
1190	1
1191	1
1192	1
1193	1
1194	1
1195	1
1196	1
1197	1
1198	1
1199	1
1200	1
1201	1
1202	1
1203	1
1204	1
1205	1
1206	1
1207	1
1208	1
1209	1
1210	1
1211	1
1212	1
1213	1
1214	1
1215	1
1216	1
1217	1
1218	1
1219	1
1220	1
1221	1
1222	1
1223	1
1224	1
1225	1
1226	1
1227	1
1228	1
1229	1
1230	1
1231	1
1232	1
1233	1
1234	1
1235	1
1236	1
1237	1
1238	1
1239	1
1240	1
1241	1
1242	1
1243	1
1244	1
1245	1
1246	1
1247	1
1248	1
1249	1
1250	1
1251	1
1252	1
1253	1
1254	1
1255	1
1256	1
1257	1
1258	1
1259	1
1260	1
1261	1
1262	1
1263	1
1264	0
