%% DATOS EXPERIMENTALES
%% FUNCION EXPONENCIAL DEL TIPO y(x)=k*exp(-x/tau)
%%	xi		yi
   0.0000000e+00   3.2078455e+01
   1.0000000e-02   3.1940374e+01
   2.0000000e-02   3.1281387e+01
   3.0000000e-02   3.0255574e+01
   4.0000000e-02   2.9239481e+01
   5.0000000e-02   2.8087410e+01
   6.0000000e-02   2.7580084e+01
   7.0000000e-02   2.7283200e+01
   8.0000000e-02   2.6662190e+01
   9.0000000e-02   2.5383363e+01
   1.0000000e-01   2.4443392e+01
   1.1000000e-01   2.4327321e+01
   1.2000000e-01   2.3622201e+01
   1.3000000e-01   2.3228233e+01
   1.4000000e-01   2.2726569e+01
   1.5000000e-01   2.2035198e+01
   1.6000000e-01   2.0913120e+01
   1.7000000e-01   2.0250685e+01
   1.8000000e-01   2.0087066e+01
   1.9000000e-01   1.9427989e+01
   2.0000000e-01   1.9345968e+01
   2.1000000e-01   1.8288576e+01
   2.2000000e-01   1.8170654e+01
   2.3000000e-01   1.7516257e+01
   2.4000000e-01   1.7041509e+01
   2.5000000e-01   1.6920771e+01
   2.6000000e-01   1.6433329e+01
   2.7000000e-01   1.5559960e+01
   2.8000000e-01   1.5206124e+01
   2.9000000e-01   1.4881223e+01
   3.0000000e-01   1.4925024e+01
   3.1000000e-01   1.4547400e+01
   3.2000000e-01   1.3706985e+01
   3.3000000e-01   1.3201819e+01
   3.4000000e-01   1.2844926e+01
   3.5000000e-01   1.2560709e+01
   3.6000000e-01   1.2903496e+01
   3.7000000e-01   1.1805187e+01
   3.8000000e-01   1.1878998e+01
   3.9000000e-01   1.1788493e+01
   4.0000000e-01   1.1376668e+01
   4.1000000e-01   1.1210210e+01
   4.2000000e-01   1.1252493e+01
   4.3000000e-01   1.0023703e+01
   4.4000000e-01   1.0557871e+01
   4.5000000e-01   1.0492411e+01
   4.6000000e-01   9.9260625e+00
   4.7000000e-01   9.8158722e+00
   4.8000000e-01   9.1793709e+00
   4.9000000e-01   8.5557443e+00
   5.0000000e-01   8.9695847e+00
   5.1000000e-01   8.2575831e+00
   5.2000000e-01   8.7572770e+00
   5.3000000e-01   7.6952078e+00
   5.4000000e-01   8.1138399e+00
   5.5000000e-01   8.0525096e+00
   5.6000000e-01   7.8368811e+00
   5.7000000e-01   7.4149442e+00
   5.8000000e-01   7.5045371e+00
   5.9000000e-01   6.6008642e+00
   6.0000000e-01   6.8203564e+00
   6.1000000e-01   6.1901766e+00
   6.2000000e-01   6.5935598e+00
   6.3000000e-01   6.5088198e+00
   6.4000000e-01   6.0832680e+00
   6.5000000e-01   6.4214236e+00
   6.6000000e-01   5.9797551e+00
   6.7000000e-01   5.6801633e+00
   6.8000000e-01   5.8099442e+00
   6.9000000e-01   4.9862895e+00
   7.0000000e-01   5.6767710e+00
   7.1000000e-01   5.1133442e+00
   7.2000000e-01   4.6860997e+00
   7.3000000e-01   5.2800332e+00
   7.4000000e-01   5.2607193e+00
   7.5000000e-01   4.5123181e+00
   7.6000000e-01   4.6824687e+00
   7.7000000e-01   4.3891495e+00
   7.8000000e-01   4.3986487e+00
   7.9000000e-01   3.8842936e+00
   8.0000000e-01   4.1163472e+00
   8.1000000e-01   4.0977179e+00
   8.2000000e-01   3.9781554e+00
   8.3000000e-01   4.3609314e+00
   8.4000000e-01   4.1937800e+00
   8.5000000e-01   3.3257445e+00
   8.6000000e-01   3.5497224e+00
   8.7000000e-01   3.6067841e+00
   8.8000000e-01   3.5634067e+00
   8.9000000e-01   3.0332266e+00
   9.0000000e-01   3.4559648e+00
   9.1000000e-01   3.7062774e+00
   9.2000000e-01   3.1400666e+00
   9.3000000e-01   2.8174789e+00
   9.4000000e-01   3.3146602e+00
   9.5000000e-01   2.8173905e+00
   9.6000000e-01   2.7834278e+00
   9.7000000e-01   3.0465607e+00
   9.8000000e-01   3.2529984e+00
   9.9000000e-01   2.6459939e+00
   1.0000000e+00   2.5621823e+00
   1.0100000e+00   2.8861561e+00
   1.0200000e+00   2.9483547e+00
   1.0300000e+00   2.8295970e+00
   1.0400000e+00   2.6077287e+00
   1.0500000e+00   2.6284165e+00
   1.0600000e+00   2.5085315e+00
   1.0700000e+00   1.7949816e+00
   1.0800000e+00   2.0247288e+00
   1.0900000e+00   1.7232562e+00
   1.1000000e+00   2.0147921e+00
   1.1100000e+00   2.3089633e+00
   1.1200000e+00   1.9314626e+00
   1.1300000e+00   2.4969274e+00
   1.1400000e+00   2.2466543e+00
   1.1500000e+00   2.0662232e+00
   1.1600000e+00   1.8766327e+00
   1.1700000e+00   1.4681184e+00
   1.1800000e+00   1.6548376e+00
   1.1900000e+00   2.2175065e+00
   1.2000000e+00   1.3033660e+00
   1.2100000e+00   1.2845856e+00
   1.2200000e+00   2.0810148e+00
   1.2300000e+00   2.0644837e+00
   1.2400000e+00   1.8902955e+00
   1.2500000e+00   1.6502439e+00
   1.2600000e+00   1.4869958e+00
   1.2700000e+00   1.5238963e+00
   1.2800000e+00   1.3391898e+00
   1.2900000e+00   1.2592848e+00
   1.3000000e+00   1.5088725e+00
   1.3100000e+00   1.2307033e+00
   1.3200000e+00   1.0255579e+00
   1.3300000e+00   1.5694217e+00
   1.3400000e+00   1.3615299e+00
   1.3500000e+00   1.0062055e+00
   1.3600000e+00   1.6857305e+00
   1.3700000e+00   1.7370658e+00
   1.3800000e+00   8.5216484e-01
   1.3900000e+00   1.4991636e+00
   1.4000000e+00   1.4250848e+00
   1.4100000e+00   1.6950000e+00
   1.4200000e+00   1.1228796e+00
   1.4300000e+00   1.6372994e+00
   1.4400000e+00   1.2048632e+00
   1.4500000e+00   1.1540119e+00
   1.4600000e+00   7.4445023e-01
   1.4700000e+00   8.0361937e-01
   1.4800000e+00   1.0823425e+00
   1.4900000e+00   1.5213237e+00
   1.5000000e+00   5.9749105e-01
   1.5100000e+00   1.3967523e+00
   1.5200000e+00   1.3321117e+00
   1.5300000e+00   1.4873346e+00
   1.5400000e+00   6.7363393e-01
   1.5500000e+00   1.0742511e+00
   1.5600000e+00   7.7228945e-01
   1.5700000e+00   7.4364590e-01
   1.5800000e+00   1.2253688e+00
   1.5900000e+00   9.2318363e-01
   1.6000000e+00   7.5830149e-01
   1.6100000e+00   7.8604288e-01
   1.6200000e+00   1.2099188e+00
   1.6300000e+00   4.4035857e-01
   1.6400000e+00   6.9868304e-01
   1.6500000e+00   1.0067092e+00
   1.6600000e+00   9.0371778e-01
   1.6700000e+00   7.4367369e-01
   1.6800000e+00   5.6990395e-01
   1.6900000e+00   6.3585924e-01
   1.7000000e+00   9.6039290e-01
   1.7100000e+00   1.1606376e+00
   1.7200000e+00   6.1298819e-01
   1.7300000e+00   1.2919648e+00
   1.7400000e+00   5.0151944e-01
   1.7500000e+00   1.0853155e+00
   1.7600000e+00   9.1695070e-01
   1.7700000e+00   8.2490632e-01
   1.7800000e+00   3.3868184e-01
   1.7900000e+00   4.7600211e-01
   1.8000000e+00   5.7139663e-01
   1.8100000e+00   6.9548676e-01
   1.8200000e+00   6.7163796e-01
   1.8300000e+00   7.8248305e-01
   1.8400000e+00   1.1141050e+00
   1.8500000e+00   1.0632394e+00
   1.8600000e+00   5.0659136e-01
   1.8700000e+00   1.0643457e+00
   1.8800000e+00   2.6223735e-01
   1.8900000e+00   1.1073194e+00
   1.9000000e+00   4.0517148e-01
   1.9100000e+00   4.7634915e-01
   1.9200000e+00   6.9764885e-01
   1.9300000e+00   6.3411102e-01
   1.9400000e+00   1.1221864e+00
   1.9500000e+00   9.9853064e-01
   1.9600000e+00   4.3951511e-01
   1.9700000e+00   1.1278134e+00
   1.9800000e+00   7.3685294e-01
   1.9900000e+00   4.2768501e-01
   2.0000000e+00   5.7812416e-01
   2.0100000e+00   9.0190198e-01
   2.0200000e+00   1.4143560e-01
   2.0300000e+00   1.1126272e+00
   2.0400000e+00   4.7637926e-01
   2.0500000e+00   1.0867767e+00
   2.0600000e+00   9.5229450e-01
   2.0700000e+00   9.3148735e-01
   2.0800000e+00   3.0256452e-01
   2.0900000e+00   7.1001861e-01
   2.1000000e+00   4.5623434e-01
   2.1100000e+00   6.3920454e-01
   2.1200000e+00   4.3830630e-01
   2.1300000e+00   8.0392964e-01
   2.1400000e+00   9.9347506e-01
   2.1500000e+00   7.8301014e-01
   2.1600000e+00   1.0447334e+00
   2.1700000e+00   7.1147545e-01
   2.1800000e+00   1.8140346e-01
   2.1900000e+00   5.0576456e-01
   2.2000000e+00   4.3241568e-01
   2.2100000e+00   5.6772783e-01
   2.2200000e+00   7.4004352e-01
   2.2300000e+00   5.7157061e-01
   2.2400000e+00   6.6803579e-01
   2.2500000e+00   8.8667623e-01
   2.2600000e+00   4.8304964e-01
   2.2700000e+00   1.5954674e-01
   2.2800000e+00   1.8519281e-01
   2.2900000e+00   9.8524663e-01
   2.3000000e+00   6.9242141e-02
   2.3100000e+00   5.3144656e-01
   2.3200000e+00   8.8628730e-01
   2.3300000e+00   9.7718903e-01
   2.3400000e+00   2.9293486e-01
   2.3500000e+00   4.9420461e-01
   2.3600000e+00   3.1442260e-01
   2.3700000e+00   8.6106489e-01
   2.3800000e+00   4.6486990e-01
   2.3900000e+00   1.0494220e+00
   2.4000000e+00   7.8723516e-01
   2.4100000e+00   1.9464839e-01
   2.4200000e+00   6.2381328e-01
   2.4300000e+00   9.0404361e-01
   2.4400000e+00   1.9668462e-01
   2.4500000e+00   2.3604902e-01
   2.4600000e+00   2.6292754e-01
   2.4700000e+00   1.8270146e-01
   2.4800000e+00   5.3535932e-01
   2.4900000e+00   9.1373905e-01
   2.5000000e+00   4.3062877e-01
