 5.000000  0.500000  0.333333  0.250000  0.200000  0.166667  0.142857  0.125000  0.111111  0.100000  0.090909  0.083333  0.076923  0.071429  0.066667  0.062500  0.058824  0.055556  0.052632  0.050000  0.047619  0.045455  0.043478  0.041667  0.040000  0.038462  0.037037  0.035714  0.034483  0.033333  0.734230 
 0.500000  4.333333  0.250000  0.200000  0.166667  0.142857  0.125000  0.111111  0.100000  0.090909  0.083333  0.076923  0.071429  0.066667  0.062500  0.058824  0.055556  0.052632  0.050000  0.047619  0.045455  0.043478  0.041667  0.040000  0.038462  0.037037  0.035714  0.034483  0.033333  0.032258  0.571026 
 0.333333  0.250000  4.200000  0.166667  0.142857  0.125000  0.111111  0.100000  0.090909  0.083333  0.076923  0.071429  0.066667  0.062500  0.058824  0.055556  0.052632  0.050000  0.047619  0.045455  0.043478  0.041667  0.040000  0.038462  0.037037  0.035714  0.034483  0.033333  0.032258  0.031250  0.176855 
 0.250000  0.200000  0.166667  4.142857  0.125000  0.111111  0.100000  0.090909  0.083333  0.076923  0.071429  0.066667  0.062500  0.058824  0.055556  0.052632  0.050000  0.047619  0.045455  0.043478  0.041667  0.040000  0.038462  0.037037  0.035714  0.034483  0.033333  0.032258  0.031250  0.030303  0.957384 
 0.200000  0.166667  0.142857  0.125000  4.111111  0.100000  0.090909  0.083333  0.076923  0.071429  0.066667  0.062500  0.058824  0.055556  0.052632  0.050000  0.047619  0.045455  0.043478  0.041667  0.040000  0.038462  0.037037  0.035714  0.034483  0.033333  0.032258  0.031250  0.030303  0.029412  0.265322 
 0.166667  0.142857  0.125000  0.111111  0.100000  4.090909  0.083333  0.076923  0.071429  0.066667  0.062500  0.058824  0.055556  0.052632  0.050000  0.047619  0.045455  0.043478  0.041667  0.040000  0.038462  0.037037  0.035714  0.034483  0.033333  0.032258  0.031250  0.030303  0.029412  0.028571  0.924581 
 0.142857  0.125000  0.111111  0.100000  0.090909  0.083333  4.076923  0.071429  0.066667  0.062500  0.058824  0.055556  0.052632  0.050000  0.047619  0.045455  0.043478  0.041667  0.040000  0.038462  0.037037  0.035714  0.034483  0.033333  0.032258  0.031250  0.030303  0.029412  0.028571  0.027778  0.223770 
 0.125000  0.111111  0.100000  0.090909  0.083333  0.076923  0.071429  4.066667  0.062500  0.058824  0.055556  0.052632  0.050000  0.047619  0.045455  0.043478  0.041667  0.040000  0.038462  0.037037  0.035714  0.034483  0.033333  0.032258  0.031250  0.030303  0.029412  0.028571  0.027778  0.027027  0.373564 
 0.111111  0.100000  0.090909  0.083333  0.076923  0.071429  0.066667  0.062500  4.058824  0.055556  0.052632  0.050000  0.047619  0.045455  0.043478  0.041667  0.040000  0.038462  0.037037  0.035714  0.034483  0.033333  0.032258  0.031250  0.030303  0.029412  0.028571  0.027778  0.027027  0.026316  0.087500 
 0.100000  0.090909  0.083333  0.076923  0.071429  0.066667  0.062500  0.058824  0.055556  4.052632  0.050000  0.047619  0.045455  0.043478  0.041667  0.040000  0.038462  0.037037  0.035714  0.034483  0.033333  0.032258  0.031250  0.030303  0.029412  0.028571  0.027778  0.027027  0.026316  0.025641  0.640117 
 0.090909  0.083333  0.076923  0.071429  0.066667  0.062500  0.058824  0.055556  0.052632  0.050000  4.047619  0.045455  0.043478  0.041667  0.040000  0.038462  0.037037  0.035714  0.034483  0.033333  0.032258  0.031250  0.030303  0.029412  0.028571  0.027778  0.027027  0.026316  0.025641  0.025000  0.180617 
 0.083333  0.076923  0.071429  0.066667  0.062500  0.058824  0.055556  0.052632  0.050000  0.047619  0.045455  4.043478  0.041667  0.040000  0.038462  0.037037  0.035714  0.034483  0.033333  0.032258  0.031250  0.030303  0.029412  0.028571  0.027778  0.027027  0.026316  0.025641  0.025000  0.024390  0.045051 
 0.076923  0.071429  0.066667  0.062500  0.058824  0.055556  0.052632  0.050000  0.047619  0.045455  0.043478  0.041667  4.040000  0.038462  0.037037  0.035714  0.034483  0.033333  0.032258  0.031250  0.030303  0.029412  0.028571  0.027778  0.027027  0.026316  0.025641  0.025000  0.024390  0.023810  0.723173 
 0.071429  0.066667  0.062500  0.058824  0.055556  0.052632  0.050000  0.047619  0.045455  0.043478  0.041667  0.040000  0.038462  4.037037  0.035714  0.034483  0.033333  0.032258  0.031250  0.030303  0.029412  0.028571  0.027778  0.027027  0.026316  0.025641  0.025000  0.024390  0.023810  0.023256  0.347438 
 0.066667  0.062500  0.058824  0.055556  0.052632  0.050000  0.047619  0.045455  0.043478  0.041667  0.040000  0.038462  0.037037  0.035714  4.034483  0.033333  0.032258  0.031250  0.030303  0.029412  0.028571  0.027778  0.027027  0.026316  0.025641  0.025000  0.024390  0.023810  0.023256  0.022727  0.660617 
 0.062500  0.058824  0.055556  0.052632  0.050000  0.047619  0.045455  0.043478  0.041667  0.040000  0.038462  0.037037  0.035714  0.034483  0.033333  4.032258  0.031250  0.030303  0.029412  0.028571  0.027778  0.027027  0.026316  0.025641  0.025000  0.024390  0.023810  0.023256  0.022727  0.022222  0.383869 
 0.058824  0.055556  0.052632  0.050000  0.047619  0.045455  0.043478  0.041667  0.040000  0.038462  0.037037  0.035714  0.034483  0.033333  0.032258  0.031250  4.030303  0.029412  0.028571  0.027778  0.027027  0.026316  0.025641  0.025000  0.024390  0.023810  0.023256  0.022727  0.022222  0.021739  0.627347 
 0.055556  0.052632  0.050000  0.047619  0.045455  0.043478  0.041667  0.040000  0.038462  0.037037  0.035714  0.034483  0.033333  0.032258  0.031250  0.030303  0.029412  4.028571  0.027778  0.027027  0.026316  0.025641  0.025000  0.024390  0.023810  0.023256  0.022727  0.022222  0.021739  0.021277  0.021650 
 0.052632  0.050000  0.047619  0.045455  0.043478  0.041667  0.040000  0.038462  0.037037  0.035714  0.034483  0.033333  0.032258  0.031250  0.030303  0.029412  0.028571  0.027778  4.027027  0.026316  0.025641  0.025000  0.024390  0.023810  0.023256  0.022727  0.022222  0.021739  0.021277  0.020833  0.910570 
 0.050000  0.047619  0.045455  0.043478  0.041667  0.040000  0.038462  0.037037  0.035714  0.034483  0.033333  0.032258  0.031250  0.030303  0.029412  0.028571  0.027778  0.027027  0.026316  4.025641  0.025000  0.024390  0.023810  0.023256  0.022727  0.022222  0.021739  0.021277  0.020833  0.020408  0.800559 
 0.047619  0.045455  0.043478  0.041667  0.040000  0.038462  0.037037  0.035714  0.034483  0.033333  0.032258  0.031250  0.030303  0.029412  0.028571  0.027778  0.027027  0.026316  0.025641  0.025000  4.024390  0.023810  0.023256  0.022727  0.022222  0.021739  0.021277  0.020833  0.020408  0.020000  0.745847 
 0.045455  0.043478  0.041667  0.040000  0.038462  0.037037  0.035714  0.034483  0.033333  0.032258  0.031250  0.030303  0.029412  0.028571  0.027778  0.027027  0.026316  0.025641  0.025000  0.024390  0.023810  4.023256  0.022727  0.022222  0.021739  0.021277  0.020833  0.020408  0.020000  0.019608  0.813113 
 0.043478  0.041667  0.040000  0.038462  0.037037  0.035714  0.034483  0.033333  0.032258  0.031250  0.030303  0.029412  0.028571  0.027778  0.027027  0.026316  0.025641  0.025000  0.024390  0.023810  0.023256  0.022727  4.022222  0.021739  0.021277  0.020833  0.020408  0.020000  0.019608  0.019231  0.383306 
 0.041667  0.040000  0.038462  0.037037  0.035714  0.034483  0.033333  0.032258  0.031250  0.030303  0.029412  0.028571  0.027778  0.027027  0.026316  0.025641  0.025000  0.024390  0.023810  0.023256  0.022727  0.022222  0.021739  4.021277  0.020833  0.020408  0.020000  0.019608  0.019231  0.018868  0.617279 
 0.040000  0.038462  0.037037  0.035714  0.034483  0.033333  0.032258  0.031250  0.030303  0.029412  0.028571  0.027778  0.027027  0.026316  0.025641  0.025000  0.024390  0.023810  0.023256  0.022727  0.022222  0.021739  0.021277  0.020833  4.020408  0.020000  0.019608  0.019231  0.018868  0.018519  0.575495 
 0.038462  0.037037  0.035714  0.034483  0.033333  0.032258  0.031250  0.030303  0.029412  0.028571  0.027778  0.027027  0.026316  0.025641  0.025000  0.024390  0.023810  0.023256  0.022727  0.022222  0.021739  0.021277  0.020833  0.020408  0.020000  4.019608  0.019231  0.018868  0.018519  0.018182  0.530052 
 0.037037  0.035714  0.034483  0.033333  0.032258  0.031250  0.030303  0.029412  0.028571  0.027778  0.027027  0.026316  0.025641  0.025000  0.024390  0.023810  0.023256  0.022727  0.022222  0.021739  0.021277  0.020833  0.020408  0.020000  0.019608  0.019231  4.018868  0.018519  0.018182  0.017857  0.275070 
 0.035714  0.034483  0.033333  0.032258  0.031250  0.030303  0.029412  0.028571  0.027778  0.027027  0.026316  0.025641  0.025000  0.024390  0.023810  0.023256  0.022727  0.022222  0.021739  0.021277  0.020833  0.020408  0.020000  0.019608  0.019231  0.018868  0.018519  4.018182  0.017857  0.017544  0.248629 
 0.034483  0.033333  0.032258  0.031250  0.030303  0.029412  0.028571  0.027778  0.027027  0.026316  0.025641  0.025000  0.024390  0.023810  0.023256  0.022727  0.022222  0.021739  0.021277  0.020833  0.020408  0.020000  0.019608  0.019231  0.018868  0.018519  0.018182  0.017857  4.017544  0.017241  0.451639 
 0.033333  0.032258  0.031250  0.030303  0.029412  0.028571  0.027778  0.027027  0.026316  0.025641  0.025000  0.024390  0.023810  0.023256  0.022727  0.022222  0.021739  0.021277  0.020833  0.020408  0.020000  0.019608  0.019231  0.018868  0.018519  0.018182  0.017857  0.017544  0.017241  4.016949  0.227713 
