 0.053203 -0.032138 -0.066665 -0.255272 -0.063955  0.003391  0.000240  0.037311  0.081411 -0.063505 -0.104894 -0.035594 -0.141308 -0.033028 -0.127425  0.011556  0.007842  0.071924 -0.121936 -0.141090  0.018695  0.079014  0.030445  0.076414 -0.064910 -0.220512 -0.048653 -0.145905 -0.102232 -0.168959 
-0.020800 -0.009519  0.014805 -0.031410  0.119405 -0.226827  0.038116 -0.105899 -0.141343 -0.144136 -0.162141 -0.074183 -0.097333  0.063766 -0.138970  0.053547 -0.209908 -0.137073  0.119687  0.026391  0.003119 -0.120250 -0.069106  0.152312  0.035588  0.297114 -0.041423  0.085721  0.117276  0.107331 
-0.138147  0.045720 -0.146367 -0.058064  0.070490 -0.009643  0.188771  0.020709 -0.068329 -0.073264  0.041504 -0.109394 -0.071232  0.014489  0.043262  0.062510 -0.079215 -0.026211 -0.074737 -0.026737 -0.361188 -0.107834  0.049638  0.091723 -0.033689  0.053809  0.114759 -0.093667 -0.080253  0.139899 
 0.206339  0.115616  0.020235  0.072125  0.003538  0.007404 -0.011374 -0.133196  0.064762  0.039737 -0.038505  0.095862 -0.042659 -0.140977  0.021174  0.195854 -0.048588  0.019607  0.031252 -0.214567  0.078848 -0.138836  0.088873  0.101664  0.088823  0.020840  0.030087 -0.062907 -0.109038  0.012767 
-0.015758 -0.132589  0.287841 -0.034874  0.022691 -0.066719 -0.169874  0.278193 -0.002515  0.091100 -0.025278  0.065607  0.083824 -0.017913  0.020516 -0.041805  0.027038 -0.023374  0.104250 -0.032311  0.031153  0.085764  0.063710  0.164942  0.128203 -0.031794 -0.045960  0.052984 -0.090071  0.212128 
 0.034779 -0.158748  0.037420  0.093433 -0.001578 -0.168835 -0.078037 -0.170271  0.138674 -0.086643 -0.048289 -0.027278  0.282173  0.001906 -0.061737  0.192965  0.131389  0.114868 -0.100029  0.123622 -0.108482 -0.052397  0.000968  0.035083  0.026851  0.062329 -0.104095 -0.092533 -0.108958  0.135168 
 0.040533  0.149276  0.022838  0.117839 -0.049269  0.158820 -0.190793 -0.007632  0.069022 -0.000245 -0.093463  0.150880  0.210623 -0.036674  0.086135  0.027218  0.128966  0.205767  0.082498  0.044894 -0.075649  0.075832 -0.065868 -0.006275 -0.116252  0.008267 -0.000168  0.205106  0.081503 -0.067006 
 0.063041 -0.079438  0.019436  0.141808  0.097257 -0.184769 -0.066587  0.169327  0.060878 -0.099280  0.144913 -0.055200 -0.024678 -0.089388  0.076725  0.012046  0.083698  0.078412 -0.110864 -0.148743  0.069213  0.058573  0.042345  0.038064  0.145261  0.029566 -0.059389  0.006596 -0.031937 -0.020150 
 0.136946  0.179815  0.066962  0.011525  0.025502 -0.139646  0.084155 -0.160271  0.076662 -0.149555  0.040753  0.099228  0.151087  0.007109 -0.196824  0.023448  0.039496  0.018595 -0.016352 -0.182382 -0.003962  0.038838  0.229975  0.076304 -0.045947 -0.070945  0.096828  0.197348 -0.150335  0.003104 
 0.068653  0.007430  0.206077  0.008727  0.017163 -0.089271  0.078691  0.006346  0.048672 -0.263915  0.075940 -0.067640  0.121707 -0.230303 -0.028112 -0.133040 -0.089956  0.005527 -0.009664  0.142121  0.144905  0.208259  0.036610 -0.101497 -0.146846  0.064997  0.074687 -0.057616 -0.091896  0.025587 
-0.046021 -0.058370  0.120796 -0.094669  0.145474 -0.057034 -0.061923 -0.018633  0.036513  0.072209  0.007794 -0.132043 -0.101731  0.087269 -0.023206  0.113101 -0.044183 -0.124246  0.021138 -0.130161  0.041128  0.117460 -0.065846 -0.006782 -0.140175 -0.027949  0.096675  0.045524 -0.097665 -0.254100 
-0.086732  0.033995 -0.080490 -0.152274  0.071597  0.109959  0.070316  0.148946  0.098344  0.022649  0.058178  0.148197  0.118479  0.118897 -0.092315 -0.090578  0.056673  0.182077  0.063146 -0.230354  0.084987 -0.291405  0.107003 -0.044165 -0.203177  0.137564 -0.179523  0.119718 -0.164280 -0.142623 
-0.069076 -0.038097  0.206272  0.071925  0.169468  0.183262 -0.005218 -0.042853  0.039461  0.016286  0.083568  0.060149 -0.105837 -0.116362 -0.002712  0.029782 -0.190708  0.025788  0.186670 -0.271732 -0.030272 -0.040337 -0.179504  0.116479 -0.040778  0.021517  0.068484 -0.016352  0.026243  0.025387 
-0.065555  0.018831  0.130132  0.022072 -0.035930  0.005996 -0.136285 -0.012023  0.072453 -0.032574 -0.144901  0.021286 -0.040501 -0.022436 -0.193492  0.046098  0.027774 -0.160151  0.003730  0.022756  0.034497 -0.074724  0.005858  0.191592  0.137037  0.020307  0.054499 -0.114707 -0.162209 -0.229056 
 0.048311  0.052149  0.004025  0.055562  0.054937 -0.068126  0.153980 -0.064662 -0.125793 -0.050729 -0.096952  0.256995  0.063570  0.132948 -0.049739 -0.017076  0.104395 -0.269595  0.049713  0.148071  0.057977  0.102541  0.084382 -0.182434 -0.099801 -0.069972  0.108531  0.046962  0.017423  0.050565 
-0.276442 -0.109261  0.054356  0.016546  0.130879  0.232667  0.292808 -0.051280  0.127708  0.078178 -0.004861  0.056930  0.100908  0.057410  0.008226 -0.029682 -0.179327 -0.275657 -0.143243 -0.093912 -0.108944 -0.110243 -0.001744  0.027913  0.092634 -0.043877 -0.057860  0.124080 -0.170245  0.092133 
 0.050329 -0.060718  0.144375  0.002783 -0.072773  0.082913 -0.047883  0.100287 -0.012199  0.095390 -0.003576 -0.020274  0.010553 -0.078984  0.109880 -0.131020  0.251930  0.146257  0.072116 -0.000753 -0.147370 -0.172382  0.020318 -0.034115  0.055892  0.050719  0.027680 -0.035517 -0.142508  0.012773 
-0.129424 -0.057382  0.135339 -0.038145 -0.048661  0.090635  0.014961 -0.028901  0.094341 -0.084139 -0.093854 -0.049760 -0.007723  0.084621  0.005855  0.002256  0.143718  0.090309 -0.061148 -0.062160  0.078153 -0.058835  0.051183 -0.063500 -0.003247 -0.179828 -0.113909  0.035732  0.097962 -0.108024 
-0.085539  0.036794  0.097042 -0.160632 -0.033326 -0.080406  0.098534  0.022474  0.042586 -0.136620 -0.045248 -0.013471 -0.122406  0.024664  0.069662  0.054926  0.156045 -0.000052  0.012798 -0.015391  0.166841 -0.131965 -0.033981 -0.076304  0.001755  0.044252  0.110919  0.065346  0.024715 -0.036231 
-0.020754 -0.001394  0.094933 -0.037039 -0.095238 -0.015832  0.009356  0.032052  0.031380 -0.080928 -0.049697  0.089298  0.103022 -0.108262  0.029521  0.154227  0.029984 -0.035004  0.072795 -0.048010 -0.120887  0.151740  0.230414  0.036630 -0.066844 -0.008357 -0.100673  0.220871  0.161461  0.022716 
-0.032275 -0.014343  0.186897 -0.087760  0.189988  0.205080  0.086673  0.111682 -0.066673  0.007251 -0.251622 -0.125979 -0.168742 -0.013762  0.063984 -0.195497 -0.017613 -0.120462  0.066001  0.099470 -0.085459  0.079317  0.079391 -0.048740 -0.066593  0.146555 -0.126843  0.020904  0.153259 -0.098151 
-0.127629  0.060134  0.108871  0.142533  0.049691 -0.126421 -0.079045  0.001689 -0.046772  0.073378  0.083386 -0.047741  0.080079  0.092173 -0.032921 -0.007419  0.038964 -0.037705  0.017231  0.022010 -0.215935 -0.052846 -0.101016 -0.056273 -0.025535  0.305888 -0.211230 -0.114421 -0.022832 -0.196674 
 0.088385  0.186342  0.046823 -0.032138  0.186909  0.011448  0.055610 -0.070588 -0.061647 -0.069463  0.000269 -0.148920  0.068085 -0.065105  0.010669  0.052889  0.011043  0.014732  0.065750 -0.118431  0.099241 -0.092286 -0.160461  0.158782 -0.008403  0.026485 -0.045937  0.006864  0.044296 -0.025559 
 0.002244  0.072771 -0.074231 -0.212598  0.230873 -0.093041 -0.076508 -0.154779  0.011120  0.032299 -0.017438  0.067602 -0.116281 -0.243727 -0.009075 -0.009818  0.045999 -0.011518 -0.340473 -0.233611  0.073642  0.229431 -0.058147  0.011637 -0.017383 -0.010456 -0.054382  0.057518  0.064377  0.082579 
-0.077831 -0.121623  0.247782  0.020052 -0.119929  0.007088 -0.086970 -0.026659  0.069023 -0.182382 -0.104379  0.084423  0.015260  0.091412 -0.057554 -0.145896 -0.207548  0.140548 -0.116459  0.018509 -0.007928  0.220426 -0.060338  0.127705  0.000386  0.058541  0.022203  0.005124  0.065124 -0.029229 
 0.017510  0.112288 -0.009701  0.112030 -0.053455 -0.172555 -0.048932 -0.087164 -0.237780  0.207079  0.038004 -0.133036 -0.010054  0.100990  0.016475 -0.130179 -0.106724  0.076869  0.082706 -0.072106  0.032203  0.045944  0.018495 -0.019689  0.023717 -0.173513  0.147879 -0.007703  0.088510  0.004019 
-0.021023 -0.066912  0.055334  0.059713 -0.165041  0.031269 -0.023471 -0.041928 -0.211243  0.026838 -0.194484  0.018466 -0.002389  0.138248 -0.076843  0.160952 -0.136960 -0.094239 -0.150186 -0.055406 -0.030838  0.008198 -0.066982 -0.100039  0.036283 -0.012738  0.053494  0.055854  0.140161  0.100153 
 0.168966  0.025197 -0.098089  0.057235  0.030437 -0.029830  0.051374  0.143184  0.199236 -0.026496  0.102107  0.147095 -0.030511  0.025293 -0.108908  0.181805  0.005618 -0.041710 -0.046472 -0.043981 -0.065571  0.098760 -0.249797 -0.078353  0.000215  0.154694  0.139459 -0.245262 -0.118150  0.147153 
-0.191120 -0.149464 -0.139827 -0.048669 -0.042074  0.028937  0.096669  0.099254  0.054386 -0.079209 -0.070440  0.157268 -0.013956 -0.146450 -0.056056 -0.221396 -0.189772 -0.017007  0.147154 -0.001399 -0.036824 -0.199831  0.054867 -0.027316 -0.094207 -0.140780 -0.047912 -0.199937 -0.043871  0.099089 
 0.073879  0.059000  0.203183 -0.033716  0.166451 -0.013066  0.102381  0.035830 -0.142893  0.008092  0.135712  0.003726  0.076943  0.011959  0.019313  0.005344 -0.082932 -0.051889  0.157409  0.265226  0.004116  0.007437 -0.157369  0.118201 -0.063855 -0.070830  0.063031 -0.020883 -0.026601 -0.013047 
