 0.044457 -0.026521 -0.029119  0.007758  0.029144  0.011064 -0.018168  0.012556 -0.022241 -0.009080  0.013228 -0.033424  0.000786  0.032812  0.011912  0.014412  0.001459 -0.044740 -0.021529 -0.011477  0.002955 -0.022664  0.015107  0.005053 -0.019274  0.017494  0.012961 -0.037043 -0.020911  0.000145 
-0.034753  0.014925  0.021749 -0.007630 -0.022511 -0.003978  0.014402 -0.009688  0.016790  0.004695 -0.009942  0.021084 -0.000489 -0.026100 -0.006265 -0.010637 -0.001119  0.030728  0.012968  0.011815  0.002318  0.020067 -0.011315 -0.000925  0.014694 -0.012639 -0.010419  0.028120  0.016367 -0.003582 
-0.041579  0.024763  0.025996 -0.009286 -0.027373 -0.005005  0.012471 -0.012792  0.017610  0.007985 -0.013768  0.025883 -0.000525 -0.029172 -0.002505 -0.009863 -0.000266  0.034506  0.015833  0.009294 -0.001514  0.018609 -0.012141 -0.004925  0.015868 -0.015252 -0.011667  0.032377  0.017316  0.000869 
 0.006494 -0.004602 -0.006102  0.003506  0.004783  0.001379 -0.004262  0.004939 -0.006702  0.001566  0.002487 -0.003300 -0.003094  0.004893  0.001252  0.003579  0.003168 -0.005254 -0.004510 -0.001013  0.002259 -0.002453  0.004532  0.002470 -0.005841  0.005835  0.004505 -0.005541 -0.003473  0.001321 
-0.089853  0.055087  0.056530 -0.017758 -0.064259 -0.016737  0.033858 -0.021147  0.042417  0.018468 -0.034136  0.059824  0.000472 -0.068412 -0.017534 -0.025470 -0.002348  0.084441  0.042671  0.024389 -0.002809  0.048124 -0.024185 -0.008420  0.041910 -0.041123 -0.029908  0.077266  0.044829 -0.008017 
 0.008278 -0.005278 -0.006735  0.003760  0.005715  0.002328 -0.001393  0.002761 -0.007387 -0.002150  0.006779 -0.007594 -0.000551  0.006808  0.003877  0.004629 -0.003705 -0.007397 -0.002081 -0.003306 -0.000207 -0.004460  0.002525  0.002336 -0.003254  0.004053  0.001486 -0.009061  0.000208  0.003112 
 0.080759 -0.044164 -0.054809  0.014513  0.052684  0.012596 -0.027822  0.017780 -0.040281 -0.017345  0.026136 -0.052739  0.000166  0.061063  0.014832  0.021489  0.001773 -0.074112 -0.034592 -0.019386  0.004401 -0.039686  0.022081  0.008676 -0.034754  0.038093  0.020450 -0.063965 -0.040990  0.007632 
 0.064019 -0.039498 -0.044867  0.013394  0.046148  0.008596 -0.023339  0.016670 -0.028256 -0.013706  0.022419 -0.048129 -0.000290  0.047138  0.014077  0.016508  0.001085 -0.059764 -0.029390 -0.017508  0.001051 -0.031238  0.023439  0.003114 -0.029893  0.030235  0.019684 -0.053549 -0.032793  0.007862 
 0.010238 -0.007776 -0.007170  0.003053  0.009687  0.000852 -0.004265  0.004030 -0.005648 -0.005562  0.003889 -0.008486  0.002469  0.009078 -0.000167  0.007321 -0.001184 -0.014279 -0.005641 -0.006952  0.001243 -0.006918  0.005519  0.004685 -0.006433  0.006593  0.004804 -0.007617 -0.007957  0.002277 
-0.017626  0.006436  0.007677 -0.002907 -0.009482 -0.001803  0.005139 -0.005894  0.008733  0.003334 -0.006059  0.012956  0.000058 -0.005851 -0.002327 -0.002815 -0.001632  0.015529  0.005941  0.005355 -0.001086  0.005836 -0.000575 -0.000745  0.005223 -0.007639 -0.006712  0.011532  0.007807 -0.002467 
 0.064703 -0.040004 -0.044949  0.013399  0.047061  0.007275 -0.027040  0.014736 -0.031555 -0.012386  0.021989 -0.047305  0.001464  0.048067  0.015301  0.017211  0.002377 -0.058866 -0.025777 -0.018822  0.005080 -0.037078  0.017408  0.009069 -0.029669  0.030225  0.020401 -0.054721 -0.032493  0.003232 
-0.015039  0.007764  0.012478 -0.003024 -0.008236 -0.003586  0.007090 -0.002305  0.001795  0.003927 -0.004509  0.008913  0.002641 -0.009345 -0.001428 -0.004158 -0.003166  0.013521  0.006844  0.006894 -0.000812  0.006790 -0.002940 -0.003727  0.005644 -0.005956 -0.002805  0.012240  0.003433 -0.003008 
 0.096694 -0.059199 -0.062848  0.019405  0.065073  0.014982 -0.038512  0.024951 -0.047694 -0.018052  0.031633 -0.069493  0.000230  0.073344  0.017094  0.025226  0.000159 -0.086603 -0.047137 -0.028928  0.002050 -0.050048  0.025024  0.009437 -0.045941  0.043521  0.025604 -0.076695 -0.046848  0.008132 
-0.020121  0.014468  0.013241 -0.006070 -0.009706 -0.003854  0.006655 -0.006141  0.009978  0.005764 -0.008544  0.009934 -0.003096 -0.012737 -0.006138 -0.002826 -0.002265  0.016911  0.009528  0.007559 -0.000857  0.012444 -0.006969 -0.000553  0.007172 -0.009494 -0.004643  0.014352  0.010064 -0.001379 
 0.015768 -0.009450 -0.011579  0.002189  0.012222  0.002570 -0.003058  0.003152 -0.008499 -0.001479  0.000742 -0.010348  0.002852  0.008609  0.001639  0.004429 -0.000206 -0.013928 -0.010413 -0.003437  0.000406 -0.011045  0.004808  0.001741 -0.005671  0.008950  0.005361 -0.014915 -0.004744  0.002780 
 0.169285 -0.102720 -0.111240  0.027695  0.112529  0.023180 -0.062816  0.042598 -0.079134 -0.026777  0.060771 -0.116147  0.001545  0.125396  0.033313  0.046946  0.003385 -0.155822 -0.077085 -0.045928  0.004480 -0.087636  0.048660  0.020199 -0.072708  0.074521  0.049325 -0.136130 -0.083696  0.016211 
 0.056220 -0.037546 -0.043075  0.007938  0.037822  0.008770 -0.021207  0.016950 -0.029011 -0.011981  0.020895 -0.041036  0.001384  0.043394  0.009826  0.018506  0.002883 -0.055405 -0.024644 -0.015531  0.000249 -0.031507  0.013915  0.003310 -0.029523  0.025729  0.018088 -0.048967 -0.028771  0.004811 
-0.106669  0.066042  0.070119 -0.019872 -0.070389 -0.019514  0.040334 -0.024900  0.051768  0.017564 -0.035785  0.073343 -0.000911 -0.075735 -0.018481 -0.027224 -0.000592  0.098158  0.044872  0.030064 -0.002454  0.054785 -0.031958 -0.013494  0.050214 -0.045683 -0.029834  0.089989  0.056030 -0.011129 
-0.030378  0.017000  0.018542 -0.006751 -0.018570 -0.005055  0.013844 -0.004806  0.013090  0.004028 -0.012510  0.021665 -0.004719 -0.021037 -0.004094 -0.010460 -0.002087  0.027002  0.012639  0.006151  0.001765  0.013714 -0.009355 -0.003037  0.014174 -0.017313 -0.007477  0.024492  0.013235 -0.000855 
 0.040299 -0.025087 -0.025484  0.009363  0.028298  0.005193 -0.017281  0.011329 -0.019103 -0.007503  0.013384 -0.027134  0.003593  0.030773  0.007803  0.009246  0.002290 -0.039585 -0.017230 -0.007075  0.002630 -0.020652  0.010700  0.004780 -0.019691  0.014761  0.010688 -0.031834 -0.017536  0.008352 
-0.115549  0.069466  0.077307 -0.024836 -0.075154 -0.016520  0.039734 -0.026032  0.056110  0.020341 -0.040278  0.083286 -0.003134 -0.088827 -0.022105 -0.031882 -0.005832  0.106429  0.054222  0.032948 -0.003586  0.058941 -0.032713 -0.014048  0.053139 -0.048616 -0.036559  0.096841  0.058686 -0.010927 
-0.136732  0.083253  0.086331 -0.022979 -0.092863 -0.019997  0.048171 -0.036242  0.065970  0.025287 -0.046842  0.096421 -0.001386 -0.103826 -0.026818 -0.036501 -0.008051  0.126553  0.060131  0.039651 -0.003431  0.071251 -0.040540 -0.016513  0.063525 -0.062798 -0.036278  0.115495  0.066785 -0.012683 
-0.009477  0.008951  0.005532 -0.001613 -0.008819 -0.000831  0.004046  0.001465  0.008222  0.002819 -0.002252  0.005989  0.001599 -0.005625 -0.001202 -0.004672 -0.003535  0.008027  0.003358  0.002941  0.002318  0.003147 -0.002983  0.000006  0.001169 -0.002009 -0.001851  0.005572  0.004076 -0.001322 
 0.025353 -0.016033 -0.015005  0.006287  0.013976  0.002908 -0.008720  0.006966 -0.010556 -0.006967  0.005721 -0.017500 -0.002213  0.018236  0.006607  0.006717  0.000140 -0.022778 -0.010130 -0.003371 -0.004487 -0.014486  0.006201  0.005916 -0.011170  0.012350  0.009055 -0.019443 -0.012465  0.002353 
-0.063282  0.038255  0.040387 -0.007380 -0.039687 -0.010117  0.025962 -0.015148  0.031395  0.014161 -0.020697  0.043844 -0.002237 -0.049035 -0.010957 -0.015124 -0.001261  0.054798  0.027045  0.018037 -0.002439  0.030744 -0.019888 -0.007327  0.027223 -0.028288 -0.022588  0.052278  0.028954 -0.007437 
 0.037642 -0.023477 -0.025523  0.007582  0.027323  0.008642 -0.013789  0.012390 -0.016224 -0.005937  0.010848 -0.025454  0.003305  0.029467  0.009399  0.012396  0.001545 -0.031368 -0.015800 -0.011154  0.000138 -0.016136  0.007877  0.004760 -0.014578  0.017197  0.010849 -0.031666 -0.021097  0.004970 
-0.056452  0.033545  0.039619 -0.009891 -0.039865 -0.005624  0.024092 -0.015777  0.029583  0.013354 -0.021429  0.038956 -0.001760 -0.041590 -0.012044 -0.014894 -0.001511  0.053215  0.029741  0.015661  0.000580  0.027819 -0.016589 -0.009065  0.026163 -0.024326 -0.015445  0.052137  0.030184 -0.004419 
 0.057371 -0.034367 -0.041472  0.010336  0.042826  0.011780 -0.021012  0.014844 -0.029643 -0.009561  0.021637 -0.041152  0.001956  0.045335  0.011620  0.011353  0.002625 -0.056659 -0.026199 -0.017711 -0.002100 -0.029914  0.017097  0.009084 -0.027297  0.026899  0.018950 -0.046043 -0.028084  0.004079 
 0.111836 -0.070733 -0.073916  0.022197  0.074458  0.014263 -0.042428  0.027481 -0.054485 -0.018555  0.036253 -0.075821  0.001482  0.085651  0.022951  0.029464  0.001402 -0.108477 -0.049812 -0.033876  0.002901 -0.054188  0.031215  0.011502 -0.050692  0.052303  0.033815 -0.095134 -0.054250  0.009127 
 0.045775 -0.024801 -0.027321  0.005716  0.028797  0.005238 -0.013417  0.008995 -0.019326 -0.008050  0.013761 -0.026324  0.001722  0.029290  0.011273  0.012546  0.000451 -0.036835 -0.018715 -0.012501  0.000892 -0.019160  0.011913  0.005352 -0.024146  0.016958  0.012816 -0.032362 -0.019004  0.002838 
