  2.000   0.049  
  2.061   0.049  
  2.123   0.045  
  2.184   0.045  
  2.245   0.041  
  2.308   0.041  
  2.367   0.039  
  2.428   0.036  
  2.488   0.034  
  2.552   0.032  
  2.613   0.032  
  2.673   0.030  
  2.736   0.029  
  2.796   0.030  
  2.857   0.027  
  2.918   0.028  
  2.980   0.024  
  3.041   0.025  
  3.105   0.022  
  3.162   0.022  
  3.223   0.022  
  3.285   0.019  
  3.346   0.019  
  3.408   0.021  
  3.469   0.019  
  3.530   0.016  
  3.592   0.017  
  3.653   0.015  
  3.715   0.016  
  3.777   0.016  
  3.838   0.011  
  3.897   0.015  
  3.957   0.015  
  4.021   0.012  
  4.080   0.014  
  4.143   0.011  
  4.204   0.009  
  4.268   0.007  
  4.326   0.009  
  4.387   0.010  
  4.449   0.009  
  4.510   0.009  
  4.571   0.007  
  4.632   0.008  
  4.693   0.005  
  4.755   0.006  
  4.815   0.006  
  4.877   0.007  
  4.940   0.006  
  5.000   0.004  
