   27046 
   27040 
   27020 
   26300 
   26590 
   26710 
   27080 
   27120 
   27220 
   25950 
   26200 
   25740 
   25240 
   24820 
   25600 
   25150 
   26030 
   26420 
   26990 
   27350 
   27120 
   27070 
   26570 
   26910 
   26590 
   27140 
   27090 
   26920 
   27380 
   27520 
   27790 
   27600 
   27550 
   27440 
   26950 
   26600 
   25800 
   25900 
   26440 
   26770 
   26960 
   27570 
   27670 
   28200 
   28720 
   27970 
   27660 
   27010 
   27510 
   27070 
   27250 
   27720 
   27560 
   27010 
   26960 
   26630 
   26870 
   26880 
   26620 
   25930 
   25890 
   26230 
   25940 
   26240 
   26180 
   26680 
   26370 
   26190 
   26160 
   25720 
   25880 
   25660 
   25940 
   25580 
   25800 
   26170 
   26100 
   25860 
   26350 
   25530 
   25910 
   25420 
   24850 
   24060 
   24060 
   24330 
   24750 
   25570 
